9.1694795709596974e-003 4.9815449359804200e-003
-2.0957855326070828e-003 1.4854726862218538e-002
8.7961825000738899e-003 1.2417574988331138e-002
7.5898408391526838e-004 3.4106447195224377e-003
-5.4309759119495135e-003 -3.0158201717455747e-002
-1.1282517942731907e-003 3.7070848218783890e-002
-1.6029930880598897e-003 -3.2280035277231015e-002
-8.9044319738697236e-003 4.7420520398967859e-002
9.1767212501514990e-003 4.6736864754722884e-002
9.7221123374734830e-003 -1.9830020142835816e-002
-9.5021225030832213e-001 3.1729580276971425e-002
-9.5035015134780698e-001 1.2132936888036639e-002
-9.5702054397935588e-001 -5.3604489188147980e-003
-9.5890560090314381e-001 5.7072000385182346e-003
-9.4990398284610611e-001 8.2480749484068638e-002
-9.4962370046540823e-001 2.2350751243369527e-001
-9.6190423745166365e-001 3.4228768440721768e-001
-9.5265602466913257e-001 5.9851285611343152e-001
-9.5060984770519719e-001 8.3536839581327682e-001
-9.5047378139162442e-001 1.0570150196638608e+000
-9.4892489447077755e-001 1.2293161886875812e+000
-9.5382159076071582e-001 1.4682040648343064e+000
-9.6022458610143324e-001 1.6012821148628698e+000
-9.4578351716417053e-001 1.7976195093381182e+000
-9.4565461351934899e-001 2.0158522905241814e+000
-9.4468608167386126e-001 2.1633102582921171e+000
-9.5488203082871548e-001 2.3095848115325155e+000
-9.4326266750270782e-001 2.4713501450612978e+000
-9.4879881205854844e-001 2.5675394773568390e+000
-5.8388546506096628e-001 2.6318271915336866e+000
-5.9812168629758267e-001 2.7644717148847247e+000
-5.8659034979579949e-001 2.8520868509859847e+000
-5.9331680930929287e-001 2.9191126730507393e+000
-5.8559179729430988e-001 3.0192795511577981e+000
-5.9928790456887404e-001 3.0048237112354541e+000
-5.9788261531593223e-001 2.9780834188973246e+000
-5.8748723109217216e-001 2.9924558506190864e+000
-5.9751073030419466e-001 2.9615683955766170e+000
-5.8587731499735063e-001 2.8815305293568776e+000
-5.8631257250030566e-001 2.8594576813745225e+000
-5.9504172402178890e-001 2.7749324615835191e+000
-5.9632241949337861e-001 2.7735137948298108e+000
-5.9097731526313857e-001 2.7031005283487088e+000
-5.8122226788142584e-001 2.6015348935411309e+000
-5.8114930575301171e-001 2.6332418906331552e+000
-5.9380850412044439e-001 2.5899293424488734e+000
-5.9461940012919967e-001 2.5354664722817661e+000
-5.9149388177160378e-001 2.5240524988640751e+000
9.0671992589029216e-001 2.4856204358042002e+000
8.9326208390287376e-001 2.4750961814013568e+000
9.0453271627301146e-001 2.4201293742797914e+000
9.0338356443205925e-001 2.4157470556091396e+000
9.0452913930120049e-001 2.2512615008170984e+000
9.1159895592484574e-001 2.0471795092805136e+000
9.0385747600440969e-001 1.8221479020061968e+000
9.0560886068314417e-001 1.4392934963783017e+000
8.9532146407825086e-001 1.1145762253610298e+000
8.9552374246729161e-001 7.0990592498581795e-001
9.0882239997976066e-001 3.5375251375257899e-001
9.0786237900143252e-001 2.2909279458499451e-003
9.0431996388035396e-001 -3.3808057559600907e-001
9.0765328069146511e-001 -6.4187857379214774e-001
9.1082889184008298e-001 -9.2122107445892309e-001
9.0479997689710756e-001 -1.1742134962560935e+000
9.0018718621426164e-001 -1.3792234921008817e+000
8.9709079200872988e-001 -1.5864881013925576e+000
9.0296500123875212e-001 -1.8321778980765995e+000
-7.2137275285414248e-001 -1.9766336813944481e+000
-7.3127515628730622e-001 -2.1490345246262685e+000
-7.1573785006718116e-001 -2.2083522847219275e+000
-7.2771063759585497e-001 -2.4191836944634919e+000
-7.1597663390692845e-001 -2.3652140317801096e+000
-7.2521782798222445e-001 -2.2915719037990643e+000
-7.1364308344132665e-001 -2.0774942208354767e+000
-7.2256885673466731e-001 -1.8228227911150763e+000
-7.2836990650638533e-001 -1.5042466757301289e+000
-7.2359027307631840e-001 -1.1267849476914003e+000
-7.2480213525970472e-001 -8.8554540860807884e-001
-7.2415786547525585e-001 -5.3247066090210560e-001
-7.1803605989445496e-001 -2.4751750598328301e-001
-7.2731603888925089e-001 8.1607573421727392e-002
-7.2823066362247246e-001 2.8197131573170420e-001
-7.2434074239220403e-001 5.4083646848221367e-001
-7.1508763000185172e-001 7.3859068742032752e-001
-7.2677628805669747e-001 9.4364716480477218e-001
-7.1749899733410505e-001 1.1324323708437427e+000
2.2218504989058790e-001 1.3620594594553352e+000
2.1180419016221164e-001 1.4781890844696335e+000
2.1182930635609956e-001 1.6231682560182348e+000
2.1930644772484142e-001 1.7528491646913158e+000
2.2032429649579083e-001 1.7644592089374314e+000
2.1597325301577544e-001 1.7902935788758350e+000
2.0350825236744358e-001 1.6643977735856301e+000
2.0640998619677789e-001 1.5134584986159223e+000
2.1503074372756700e-001 1.4122686621213849e+000
2.1893262481108136e-001 1.2800251004016026e+000
2.2165792150038263e-001 1.0716820466728365e+000
2.1870687815441953e-001 8.7309913337313882e-001
2.1662890684932562e-001 7.7218433713508561e-001
2.1512843186134500e-001 6.2354422434351697e-001
2.1572650225032966e-001 4.6487675865654532e-001
2.0925140566397768e-001 3.8608645430652455e-001
2.1210047061740353e-001 2.7642342265769038e-001
2.0619610879202135e-001 1.5290869580053346e-001
2.1880033962958298e-001 -3.3244322632708101e-003
9.8592650723210773e-001 -1.8650696260549701e-002
9.8753887697317966e-001 -1.5213460440871401e-001
9.7653694843797934e-001 -2.6539659170371893e-001
9.7683368869505194e-001 -3.1973525642339112e-001
9.7531475824815017e-001 -3.5985743733542458e-001
9.6786667373404656e-001 -5.2226740012823858e-001
9.7802694956628544e-001 -6.8681116077875959e-001
9.8455151425773768e-001 -9.7528601839616058e-001
9.8000954863958434e-001 -1.1871421164256717e+000
9.7786114345622255e-001 -1.3739233863754605e+000
9.8505635532917390e-001 -1.5948920631454906e+000
9.8322985122625950e-001 -1.7957248576643683e+000
9.7370527640446003e-001 -1.9088352741391037e+000
9.7024801041146003e-001 -2.0944573823492361e+000
9.7478169545937232e-001 -2.2730904002127250e+000
9.7074961564478157e-001 -2.4182749791356555e+000
9.8403940643519616e-001 -2.5903651391103266e+000
9.7502310087941124e-001 -2.6485182572671979e+000
9.7132177856311275e-001 -2.7890143281025122e+000
8.9613866586602275e-001 -2.8700172960373895e+000
8.8638711363366796e-001 -2.9899775723809094e+000
9.0393455221817887e-001 -2.9894590633361298e+000
8.8962855401880048e-001 -3.0583037369806441e+000
8.9490964945816842e-001 -3.1806942335098634e+000
9.0296328686203753e-001 -3.1870673850507898e+000
8.8526734642718541e-001 -3.2082743305061490e+000
8.9898096242698422e-001 -3.2612984902066642e+000
8.9319491767646675e-001 -3.3244633178208201e+000
9.0028251224129130e-001 -3.2619109904970305e+000
9.0358282032542125e-001 -3.3129351131328058e+000
9.0110188208141362e-001 -3.3423435727730255e+000
9.0105133424064099e-001 -3.3762872852255961e+000
8.8619657489196646e-001 -3.3544435703450968e+000
8.9077439411080250e-001 -3.3078260488045665e+000
8.9233990205060565e-001 -3.3105313131129792e+000
8.9493327695927205e-001 -3.3644057404137167e+000
8.8525306457611208e-001 -3.3712623947794134e+000
8.8816668271162547e-001 -3.3743826177592178e+000
7.0884654398148783e-001 -3.3738854164708112e+000
7.0815724312701500e-001 -3.3378355876627923e+000
7.0303854189924986e-001 -3.3785874114905803e+000
7.0097477893844173e-001 -3.3809756186144742e+000
7.0343984136203719e-001 -3.3492161518756167e+000
7.0840755776417053e-001 -3.3669634955573877e+000
7.0961435620104729e-001 -3.2925063099627927e+000
6.9563600270415915e-001 -3.2327372730772423e+000
6.9970135220794050e-001 -3.1856178741810002e+000
7.0899393430305535e-001 -3.1544522603913627e+000
6.9199229242685889e-001 -3.0603392549895938e+000
6.9358045002214808e-001 -3.0372084668059891e+000
7.0153880574987482e-001 -2.9916469604133318e+000
7.1006148983495254e-001 -2.9674507602973841e+000
7.0558422716021352e-001 -2.9382457519604515e+000
7.0463602227331179e-001 -2.8974202373055369e+000
7.0091029649390979e-001 -2.9057052846174556e+000
6.9324857984402011e-001 -2.8661937071501953e+000
7.1070219435134174e-001 -2.8304145952427557e+000
1.5270673260641060e-001 -2.8490793859278432e+000
1.5477294796277091e-001 -2.7774742166819535e+000
1.6248339312470242e-001 -2.7439612229705652e+000
1.6291285527927760e-001 -2.7318174738377250e+000
1.6439512299618930e-001 -2.7060652675119190e+000
1.6289196217677077e-001 -2.6469324725452852e+000
1.5871015371570540e-001 -2.4853300628382207e+000
1.5256404038818791e-001 -2.4301209575323965e+000
1.6317479814914834e-001 -2.2551263437549642e+000
1.5172383395660355e-001 -2.1065275604810370e+000
1.5347296724122575e-001 -2.0087623291779590e+000
1.5351910500104018e-001 -1.8603558953440180e+000
1.5723552285877834e-001 -1.7024942904395008e+000
1.5542751286453657e-001 -1.5823710108893216e+000
1.5600811539389156e-001 -1.5029767687613715e+000
1.6382221707815695e-001 -1.4590433984028313e+000
1.4944543066655577e-001 -1.3082064184714179e+000
1.5742834821670984e-001 -1.2734909484821539e+000
1.5576086904156114e-001 -1.1423734546033908e+000
-6.9741387402298016e-001 -1.1281647926459137e+000
-6.9771171316068237e-001 -1.0660704962595726e+000
-6.8821912311953237e-001 -9.8613268933660947e-001
-6.8545459561050015e-001 -9.3095275055358073e-001
-6.9504468336534719e-001 -8.2519151566965265e-001
-6.9651184693048962e-001 -6.8796942495380109e-001
-6.9190776813515897e-001 -5.3472575475507733e-001
-7.0304084787841359e-001 -3.5617478410024034e-001
-7.0216672195523044e-001 -5.9582677215963303e-002
-6.9826990328990202e-001 9.9409210180340490e-002
-6.9768709830924180e-001 3.2824852966012524e-001
-7.0303159266147153e-001 5.5109000579768308e-001
-6.8564446568861115e-001 7.8264302024630150e-001
-6.8743903625595659e-001 9.0597602580405800e-001
-6.9068055890475621e-001 1.1111914372059530e+000
-6.9513619702186680e-001 1.2709213362767098e+000
-6.9452711083066199e-001 1.4042203280635672e+000
-6.8722868414975868e-001 1.5542417974025287e+000
-6.9935272384412361e-001 1.6456873616150534e+000
-3.0309339386694534e-001 1.7594962531243850e+000
-3.1358315978204826e-001 1.7995451735528945e+000
-3.1470059756580365e-001 1.9198885773597418e+000
-3.1303398481649558e-001 2.0299395859188829e+000
-3.0683866575000540e-001 2.0383012624079071e+000
-3.1234189543330254e-001 2.0686624006156924e+000
-3.0976390067813731e-001 2.0704561139759159e+000
-3.0529136131409634e-001 1.9847946019697484e+000
-3.1909111805896612e-001 1.9164443800689235e+000
-3.0150269386829803e-001 1.9351980926126231e+000
-3.1311548925374866e-001 1.8568493427959929e+000
-3.0470586704467617e-001 1.8299675886778393e+000
-3.1866231166905495e-001 1.7419661649676701e+000
-3.2026991910282476e-001 1.6689766590624935e+000
-3.0235089687209182e-001 1.6692758167354242e+000
-3.1257375597442116e-001 1.6203744950202079e+000
-3.1596757291317057e-001 1.5842656577787120e+000
-3.2133658508438667e-001 1.5318907437405855e+000
-3.1241079206233430e-001 1.4952351176640792e+000
-2.2456467451337456e-001 1.4737829385602488e+000
-2.3338025571159257e-001 1.3875020218589547e+000
-2.2336681448911566e-001 1.4257523778319912e+000
-2.2185215744106201e-001 1.3656936201285113e+000
-2.3482362568876960e-001 1.3003691998606013e+000
-2.3155200494114017e-001 1.3010669730067970e+000
-2.3519654991272249e-001 1.2914350888064638e+000
-2.3687067859968894e-001 1.2171357368675793e+000
-2.2839288551396650e-001 1.1624273546127721e+000
-2.2739764653198352e-001 1.1707937329486093e+000
-2.2567126708691004e-001 1.1251769105602742e+000
-2.2261616761892733e-001 1.1658618682132376e+000
-2.2980831957712800e-001 1.1104383966561970e+000
-2.3726982786200226e-001 1.0989469886085406e+000
-2.3705057795985091e-001 1.0619300864255481e+000
-2.2726656189188721e-001 1.0232722105151260e+000
-2.3777406508740967e-001 9.6911998634435326e-001
-2.2698828231043286e-001 9.9405529899267053e-001
-2.2364037657909058e-001 9.8195163325212664e-001
2.4203503233995968e-001 9.6958414742136989e-001
2.3403955642210908e-001 9.1928758115308995e-001
2.4691727307074357e-001 8.9547987222310876e-001
2.4822305400838410e-001 9.5769140211879555e-001
2.4856667426553605e-001 8.7982315542855405e-001
2.4553984426959966e-001 7.9422903715090054e-001
2.3103159586298089e-001 7.6081208240430165e-001
2.3880258225146966e-001 6.2072398025077591e-001
2.4090409365110260e-001 4.9020811243797030e-001
2.4312276022100748e-001 4.1813368554164243e-001
2.4400605671557316e-001 3.0938598322557032e-001
2.3552920366926250e-001 1.2808992497491220e-001
2.3833252029529539e-001 1.1675564075592162e-001
2.4524198429890806e-001 1.6729124336189942e-002
2.4077976092544554e-001 -1.1196669029249466e-001
2.4722729166560928e-001 -2.2629881999018656e-001
2.2948505598273908e-001 -2.8948917502984578e-001
2.3944959909376920e-001 -3.0012825147190186e-001
2.4467524687662245e-001 -4.2394530791463797e-001
-7.3061500522332723e-001 -4.5954837918475977e-001
-7.4160999495533220e-001 -4.7993739093791499e-001
-7.3616424245937695e-001 -5.6725575432415865e-001
-7.3149908219264337e-001 -5.6154696467247445e-001
-7.2713105683056756e-001 -5.5137571204493074e-001
-7.4347249005426708e-001 -4.3049743878167424e-001
-7.3768767050321571e-001 -3.3430096918191171e-001
-7.3627401673869008e-001 -8.4348422907007142e-002
-7.4162712408099885e-001 7.4635357777709299e-002
-7.3181063574337091e-001 2.5684253952644798e-001
-7.4490615854055775e-001 5.4959175102325963e-001
-7.3210797686691054e-001 7.0969003551672094e-001
-7.3728029963042163e-001 8.5370507104501359e-001
-7.3491996263938886e-001 1.0683917449644698e+000
-7.3936732339929934e-001 1.2374762114983908e+000
-7.2785684336147516e-001 1.3958518340449200e+000
-7.4495487242464065e-001 1.5211180081067519e+000
-7.2944238059247490e-001 1.6851122732853394e+000
-7.3760735357416363e-001 1.7763159809768696e+000
-1.2465618809334116e-001 1.8993121063016365e+000
-1.1690570011036186e-001 2.0236119124152832e+000
-1.2034720065687017e-001 2.0666852278276284e+000
-1.2442536990021999e-001 2.1494314450077030e+000
-1.1512085719154759e-001 2.1619418192001110e+000
-1.3034138589234701e-001 2.2070905373137304e+000
-1.1759026466749412e-001 2.1260397979829677e+000
-1.2102743945350390e-001 1.9894534996324584e+000
-1.3261883094263394e-001 1.8737453632895060e+000
-1.1828914707913570e-001 1.8256963605947694e+000
-1.3384421349101064e-001 1.7498903417732192e+000
-1.1818501154923082e-001 1.6155036639978639e+000
-1.2321501128194751e-001 1.4441817170466862e+000
-1.2282234672982677e-001 1.3852658250532595e+000
-1.2901076147258606e-001 1.3016712231234628e+000
-1.1457137133023713e-001 1.2329249539420004e+000
-1.2721918500837240e-001 1.1773098348657851e+000
-1.2844763497670930e-001 1.1051829721330402e+000
-1.2033332951550599e-001 9.8065131883550571e-001
4.1777539269728420e-001 9.5559234499321366e-001
4.2381266223070735e-001 8.5106017057105487e-001
4.0894386067944732e-001 8.3785925116754756e-001
4.2616549579869922e-001 7.7265447725721303e-001
4.2707903689004989e-001 7.3093482035374802e-001
4.1974299931906650e-001 6.7614157486765714e-001
4.1371703231839602e-001 5.2679344132267125e-001
4.2818752345183719e-001 3.9192575736743079e-001
4.1038973578555987e-001 2.4695881827198629e-001
4.1840489875850256e-001 7.8543771338930035e-003
4.1922141082221964e-001 -1.1642185494741158e-001
4.1267941152626636e-001 -1.9742445803631886e-001
4.2572460777037818e-001 -3.5788466367602079e-001
4.2163196096800515e-001 -4.7815079624655743e-001
4.1778499717740503e-001 -5.8933724076696392e-001
4.2634673276269425e-001 -7.3957732465863724e-001
4.2182103939807031e-001 -7.9932166099108348e-001
4.2026577356116973e-001 -8.4336680630133454e-001
4.1253248450085095e-001 -9.1529492013818825e-001
-2.6910689710815205e-001 -9.6363865420477923e-001
-2.6893902617264148e-001 -1.0464034039581418e+000
-2.6321640621347497e-001 -1.0978917204145013e+000
-2.6499732168879864e-001 -1.1728820562171456e+000
-2.6318893169285973e-001 -1.2022043277820902e+000
-2.6475351789356433e-001 -1.1474152583008153e+000
-2.7136550768661188e-001 -1.0176413108475950e+000
-2.6229466716549132e-001 -9.5644373657062909e-001
-2.7177201252833755e-001 -8.1188747125925920e-001
-2.5653590584986879e-001 -6.5175546595503020e-001
-2.6032960023429580e-001 -5.0710426984170365e-001
-2.6010817375293227e-001 -3.5957449398805874e-001
-2.6915508993511733e-001 -2.1426814704210539e-001
-2.5470024430218269e-001 -1.6172152546455332e-001
-2.6806109708918618e-001 -6.5552291703811730e-002
-2.6401666161188769e-001 3.6555871825522418e-002
-2.6171511596798208e-001 1.7733672564875508e-001
-2.5591142359001046e-001 2.5465925716145804e-001
-2.6814593262417880e-001 3.3485790086498374e-001
-6.7819917176004541e-001 4.0221619678743142e-001
-6.8239983930271086e-001 4.2772296174946450e-001
-6.8110675139505994e-001 4.8047833699901621e-001
-6.7790225471280352e-001 5.4532078527913797e-001
-6.8504659896388731e-001 6.5816745221893169e-001
-6.8064934304666713e-001 7.1022585215160916e-001
-6.7018729941451816e-001 8.4068207912417137e-001
-6.8658526155029287e-001 9.4565740457440417e-001
-6.8651492689690485e-001 1.0642807678078616e+000
-6.8875054512588940e-001 1.2596411492598343e+000
-6.8260999364087438e-001 1.3976716323143945e+000
-6.8530670427934492e-001 1.4469528679058901e+000
-6.8827666693184342e-001 1.5792454309896000e+000
-6.7948964746363327e-001 1.6709001049315675e+000
-6.8755808988951606e-001 1.7563670682071328e+000
-6.7425498106295545e-001 1.8542808418825396e+000
-6.8902311923273729e-001 1.8941537180478827e+000
-6.7772760174074365e-001 1.9966545321485754e+000
-6.7332230240097979e-001 2.0800808049811255e+000
-4.2240819929213972e-003 2.0956449988370105e+000
2.6322121717622408e-003 2.1819446059121916e+000
-8.9797101718875495e-003 2.2027970449541145e+000
6.3117448934495186e-003 2.2409312114720081e+000
6.3126676577465630e-003 2.2169195853927359e+000
8.4684588280154113e-003 2.1601888912323379e+000
-1.1015931770994216e-002 2.0688552793477752e+000
-8.3275147388230499e-004 1.9110093377453672e+000
3.8355898174986950e-003 1.8401063920314260e+000
2.1303091238962547e-003 1.6448109233849781e+000
-2.6661872948343913e-003 1.5655382585946129e+000
-3.3611314655974320e-003 1.4032090024542814e+000
-4.3293298576318829e-003 1.3004314183847805e+000
-1.7271353611222407e-003 1.1393673517954857e+000
-4.9121999095959401e-003 1.0069904428251382e+000
3.4768077806360551e-003 9.2170503028030581e-001
1.6989068176705103e-004 8.1046250468672454e-001
-4.7952731293912573e-003 7.8014761489928064e-001
-8.6928388028573037e-005 6.7055226750674324e-001
-9.8449497541079745e-001 6.0772890624316400e-001
-9.7497649523328944e-001 5.7477651008518571e-001
-9.8215079459197963e-001 5.0085920078112245e-001
-9.9046329052481163e-001 4.2199631270419963e-001
-9.7377701756148383e-001 4.7693019513039303e-001
-9.8596310131415399e-001 5.1323844203476843e-001
-9.8026290392871507e-001 7.0705794022165969e-001
-9.8487164638833369e-001 8.3308312436076559e-001
-9.8849900593812379e-001 1.0680758346147485e+000
-9.8190229703436138e-001 1.2746102544196072e+000
-9.9030163992293341e-001 1.4135743413357820e+000
-9.8174205027922523e-001 1.6203076444026039e+000
-9.7915319168225246e-001 1.8278976858773024e+000
-9.8708261802380626e-001 2.0158707663184714e+000
-9.8308208209222758e-001 2.1658900664528038e+000
-9.7726733420257628e-001 2.3234859272455344e+000
-9.8369997672737142e-001 2.4548238919853200e+000
-9.7563907538204520e-001 2.5662679622176299e+000
-9.8172401150837874e-001 2.7611965241531999e+000
8.0802693406879578e-001 2.8739487396579477e+000
8.2616411362159126e-001 2.8948648822912237e+000
8.1583086070546840e-001 2.9946453888164069e+000
8.2544455812026152e-001 3.0988462655287283e+000
8.2406902086671741e-001 3.0821463705434256e+000
8.1839145336593044e-001 2.8187106632976509e+000
8.0792835643010941e-001 2.5847538234664733e+000
8.0679769238866217e-001 2.2294343598548649e+000
8.1153540455858286e-001 1.9124687204218738e+000
8.1695383482678907e-001 1.4600222892096275e+000
8.2327173275740650e-001 1.1037198026485056e+000
8.1188925296460057e-001 7.0937457412645444e-001
8.1318861559248645e-001 3.2727592621516305e-001
8.2278867021166791e-001 3.9611790396387056e-002
8.1567904924360934e-001 -2.2679871880655353e-001
8.1418395707218305e-001 -5.7978797300136553e-001
8.2601646521336325e-001 -8.0109062226876970e-001
8.0674010521339401e-001 -1.0564597800944548e+000
8.1908608550329587e-001 -1.2364876022401976e+000
-8.0388342429893844e-001 -1.4715830732081925e+000
-7.9816733614659818e-001 -1.6605508995160148e+000
-8.0325515958688687e-001 -1.8227857863442285e+000
-8.0456100047596490e-001 -1.9431099590855192e+000
-7.9882406372585657e-001 -2.0127790667018122e+000
-7.9631119989513754e-001 -1.8465943518737769e+000
-7.9488240364356666e-001 -1.6175259813961440e+000
-8.0171633973404666e-001 -1.4396469605624191e+000
-8.0877685982553082e-001 -1.0650210842732670e+000
-7.9420124263975733e-001 -7.4131969176072265e-001
-7.9875040040176848e-001 -4.3938360408113541e-001
-8.1169709337962048e-001 -1.5218255078709503e-001
-8.0788023340989901e-001 1.3399299260621797e-001
-7.9984095884180950e-001 3.8959280575467953e-001
-8.0805176417661717e-001 6.4296335676862082e-001
-8.0416641955140844e-001 9.0186821814225526e-001
-8.0313801270999152e-001 1.1486916912555865e+000
-8.1304275708955642e-001 1.3069703765886953e+000
-8.1309060240047892e-001 1.4641256961228832e+000
5.4836862445747703e-001 1.6878356728520820e+000
5.6029014280942024e-001 1.8076689913925370e+000
5.4161838027143627e-001 1.9473526245519253e+000
5.4838878737810826e-001 2.0292836064146558e+000
5.5281344416992462e-001 2.0871423105680647e+000
5.5859463881548443e-001 2.0416038234918954e+000
5.5547968012874638e-001 1.7845209584849877e+000
5.5058619679273180e-001 1.6312671339858396e+000
5.5649219800679028e-001 1.3707617886674410e+000
5.6007791529194062e-001 1.0692950730950761e+000
5.5279407155136118e-001 8.2883468526667980e-001
5.5778760537853356e-001 6.1931069179501907e-001
5.5985512896732603e-001 3.4505857508631910e-001
5.4196125127944628e-001 1.3691916616023031e-001
5.4370336033496447e-001 -6.6618355000726090e-002
5.5517144373760752e-001 -3.4616061826543787e-001
5.5170046193237132e-001 -4.5120249220047454e-001
5.4528071560639491e-001 -6.8085226835496238e-001
5.4482349806324859e-001 -8.3997531709718509e-001
-6.6127544375382163e-001 -9.0844385252297888e-001
-6.5628277756113229e-001 -1.0282420972538646e+000
-6.5226773555454265e-001 -1.1440530756056164e+000
-6.6466634980705241e-001 -1.2602504389705909e+000
-6.6387044336408052e-001 -1.2471616227424596e+000
-6.5827944348350964e-001 -1.2459666969848839e+000
-6.6907689471772713e-001 -1.0916462621462424e+000
-6.6936164966066825e-001 -8.3559819157459614e-001
-6.6758121513381485e-001 -6.4082463794449573e-001
-6.5310205374118036e-001 -3.9734402332366275e-001
-6.6742539654395261e-001 -1.4056485036148261e-001
-6.5721102200960957e-001 1.1192205118901202e-001
-6.6420816847953312e-001 2.8147630010689090e-001
-6.5882810968557193e-001 4.7276484314594869e-001
-6.6947539907149867e-001 7.0632549812406387e-001
-6.5861611794137753e-001 8.3480308982033291e-001
-6.6463233198543170e-001 1.0465041245225470e+000
-6.6939718466560960e-001 1.2132942279450332e+000
-6.6505172585499328e-001 1.3455588679352080e+000
6.1884499816392970e-002 1.5053609966370998e+000
6.4827813126820011e-002 1.5958077569074902e+000
7.2986151804885574e-002 1.6826619973615631e+000
5.8881089111083453e-002 1.7952639938297834e+000
6.1764478344324594e-002 1.8141113881007103e+000
6.9348324839592093e-002 1.8144898282274775e+000
5.9919376514211427e-002 1.7243617318128635e+000
7.1658352349346741e-002 1.6015362937989164e+000
6.6320045281404574e-002 1.4336085291530736e+000
7.4511570601248661e-002 1.3417078044081792e+000
5.6750831133339577e-002 1.1745914388882461e+000
6.8765920843835412e-002 1.0527541866290424e+000
7.0058140772017496e-002 1.0051458144932182e+000
6.8575427216837556e-002 9.0155281306512802e-001
6.9043466341284734e-002 7.6607102607043753e-001
5.6848343979510753e-002 6.0905064753888016e-001
6.3849948819857755e-002 5.9832981967508914e-001
6.2294691299285609e-002 4.7591679020912214e-001
5.7718565369174114e-002 3.9748914473033065e-001
5.2565393969700024e-002 3.7088171140053677e-001
4.5750269684239737e-002 3.1137225659763074e-001
5.0290537977578091e-002 2.0236280054991682e-001
4.2389201451943886e-002 1.2730216695591368e-001
5.7034977459247654e-002 7.5384596431219558e-002
5.3394086046945302e-002 5.9000686130798979e-002
5.3730370942586987e-002 6.7939127974855545e-002
4.5587596146962978e-002 5.5484141993651356e-002
6.0779606322831282e-002 -1.0259036525349865e-002
5.5879884086145984e-002 -1.1445224032768805e-002
5.4191035641076586e-002 -5.9383755321171947e-002
4.3372507803473972e-002 -4.5800493194838393e-002
5.1599831650527075e-002 -6.8415811733023635e-002
4.6680604947122284e-002 -5.8958036961063318e-002
5.9699821941357915e-002 -7.8870174479282684e-002
4.5765450977869312e-002 -1.4176213540763316e-001
4.9104054230748810e-002 -7.8509312997317740e-002
6.0379185900937299e-002 -1.1292303390917782e-001
5.5872298203272323e-002 -9.8740459846876766e-002
-9.8544310715049577e-001 -1.3684127952146410e-001
-9.7541249094728921e-001 -1.7508579776208336e-001
-9.9525606070039474e-001 -2.0418458986369356e-001
-9.7954440549713606e-001 -1.2780095440031763e-001
-9.9507579653353839e-001 -7.4559461299008728e-002
-9.9435508682912965e-001 1.9033584239924191e-002
-9.8277077199430429e-001 2.5616698975616226e-001
-9.7633706836909107e-001 4.1681363525613518e-001
-9.8611304862755833e-001 7.1292881403442521e-001
-9.9452830619765786e-001 9.0323545163571661e-001
-9.8781931166163128e-001 1.1809919100686683e+000
-9.7554933823586998e-001 1.4387021863603551e+000
-9.8828318200639886e-001 1.6437327330855496e+000
-9.9008898511305032e-001 1.8291783363379805e+000
-9.8757404198308030e-001 1.9760718491435798e+000
-9.8159377941382220e-001 2.1274063448532035e+000
-9.8926105826310395e-001 2.3104163383965561e+000
-9.8815942254049904e-001 2.4997940828881910e+000
-9.8587723656000714e-001 2.5824538570516338e+000
8.9406178004484127e-001 2.7272810963472849e+000
8.8330036318472993e-001 2.8757799354279929e+000
9.0250769293841149e-001 2.9643944139929186e+000
8.9311346721370233e-001 2.9696424321154096e+000
8.9041781414726051e-001 2.9612729774939250e+000
8.8335421141957271e-001 2.8448243674082994e+000
9.0082560737889106e-001 2.5090073434214442e+000
8.9760689792576875e-001 2.1428305686679412e+000
8.9225696531896337e-001 1.7346410501829050e+000
8.9435912228582659e-001 1.3955935342265864e+000
8.9222391252003652e-001 9.7603384924436465e-001
8.9068358287323279e-001 5.6866740679391858e-001
8.9617740388305478e-001 1.7753196695473128e-001
9.0097762330625353e-001 -1.5643278008062148e-001
9.0153201419845419e-001 -4.1396037711412265e-001
8.9420328735794297e-001 -7.4005038337540507e-001
8.9345126583800827e-001 -1.0435609673816466e+000
8.9511842208508663e-001 -1.2781259663970066e+000
8.9084373662340666e-001 -1.5082189842519513e+000
-1.1065328592073442e-001 -1.6829732693709825e+000
-1.1020254529943331e-001 -1.8400873490290901e+000
-1.1098399932082845e-001 -1.9900270645169396e+000
-9.4491039180984171e-002 -2.1817511357490753e+000
-1.0380468812758352e-001 -2.2555362888147630e+000
-1.1078564473719203e-001 -2.1947063513258627e+000
-9.4795736757915222e-002 -2.1350303485868660e+000
-1.0435997950083509e-001 -1.9946562626161868e+000
-1.0894318410851206e-001 -1.9071597246253540e+000
-9.9141603928686470e-002 -1.6954225635257749e+000
-1.0925577446090806e-001 -1.5471883156333008e+000
-9.9926010399740403e-002 -1.4094388043079307e+000
-9.6196265942806072e-002 -1.1783121038328830e+000
-1.1161902351750692e-001 -1.0619680072962028e+000
-9.6379021047373573e-002 -8.8312869492721646e-001
-1.0978807943948860e-001 -7.5598563919693818e-001
-1.0998525030507901e-001 -7.1307957436625702e-001
-9.6341995115747786e-002 -6.0568738992067750e-001
-1.1117714937198168e-001 -4.6534737561354755e-001
-3.5803073734637547e-001 -3.9504949102528086e-001
-3.4221243008314789e-001 -3.3257132558122188e-001
-3.5817585762851911e-001 -2.4595415403156440e-001
-3.4955423921544010e-001 -1.0735028976330396e-001
-3.5600641408696532e-001 -9.4717496779670479e-002
-3.4731719346504358e-001 -3.2872467553892171e-002
-3.5413264714468196e-001 1.0593175890059955e-001
-3.5572192184185703e-001 2.0902241589452886e-001
-3.3976284944457524e-001 2.5888287545849137e-001
-3.5793663223276967e-001 3.9455943557715972e-001
-3.4891845341694872e-001 4.4037784042078842e-001
-3.5008979749523328e-001 5.0368014679466433e-001
-3.5196334757539022e-001 6.5391434725872288e-001
-3.4615359415055413e-001 6.6415791536410462e-001
-3.5045925778792075e-001 7.4351420572947657e-001
-3.3881542774769580e-001 8.0728636466120463e-001
-3.4685700034804046e-001 8.2723463638260875e-001
-3.4288743677966121e-001 9.1066665135077451e-001
-3.5682656270471186e-001 9.6452211732437321e-001
-9.2690273571929060e-001 9.7411711129016498e-001
-9.3093159523563784e-001 1.0781099939975749e+000
-9.1220558124977313e-001 1.1110992593783888e+000
-9.1783281875661393e-001 1.0836287273839198e+000
-9.3071256483008302e-001 1.0994859628642868e+000
-9.2922104423322072e-001 1.2532964870478385e+000
-9.1335050111526683e-001 1.3400510560910490e+000
-9.2801863187552691e-001 1.5609553766261930e+000
-9.2069885552736119e-001 1.6127202475318310e+000
-9.3076099321558248e-001 1.7611595445076953e+000
-9.1407530722670938e-001 1.9333016412140147e+000
-9.1740278771796413e-001 2.1251847241141202e+000
-9.2700039876957818e-001 2.2728343143327523e+000
-9.2746824374561920e-001 2.3654232681559830e+000
-9.1960902674743406e-001 2.4265765016884946e+000
-9.1418824006172938e-001 2.5740817754411505e+000
-9.3004805699850324e-001 2.6993672644542532e+000
-9.2985254775091242e-001 2.7086720529080566e+000
-9.2369025133697535e-001 2.8633838865083607e+000
-7.1371108073752215e-002 2.8945633738718630e+000
-6.7692807603082938e-002 2.9114089104256786e+000
-7.0394080310325527e-002 3.0175567227588229e+000
-7.1708105389182666e-002 3.0063192003445764e+000
-7.0039419450520946e-002 3.0765708317223055e+000
-7.4645916354550174e-002 3.0002637831788026e+000
-8.1157971676546370e-002 2.8168895589385641e+000
-7.2327626246419502e-002 2.7072989739873332e+000
-6.5311062066114353e-002 2.5253528047363987e+000
-8.2922691020317185e-002 2.3292635624114126e+000
-7.7511880237328218e-002 2.1685412313684740e+000
-7.7833273610654743e-002 2.0468457611522024e+000
-7.1539494405114756e-002 1.8934234256681044e+000
-7.5936172872269808e-002 1.6857892017127909e+000
-7.0978496274238981e-002 1.6043858177997425e+000
-7.5599455096914014e-002 1.3904497131786326e+000
-8.1897661782710365e-002 1.3543245230082914e+000
-7.5493356940225381e-002 1.2141154682823423e+000
-8.0753338003933695e-002 1.1233570714294923e+000
-8.7014120236994674e-001 1.0247821535581119e+000
-8.7720783543640013e-001 9.0972409650787489e-001
-8.6930819925687286e-001 8.7862234994814481e-001
-8.7404833158246631e-001 7.6054306740592770e-001
-8.7131155769238677e-001 7.8432093933158276e-001
-8.6807477778104858e-001 8.6730215070075101e-001
-8.7845935087783122e-001 9.0416051279793452e-001
-8.7944519252813158e-001 1.0957594386717393e+000
-8.7862783463848837e-001 1.2029704321629355e+000
-8.7000297265016224e-001 1.3802292028084615e+000
-8.7338746990158522e-001 1.4957730183140314e+000
-8.7120016377183707e-001 1.7172314819946173e+000
-8.7128423192912718e-001 1.8157670585394106e+000
-8.8374772931761791e-001 2.0158859582938979e+000
-8.6698197107169261e-001 2.1343616323579480e+000
-8.8256527349938863e-001 2.2461736156389529e+000
-8.7013010511593170e-001 2.3319510392106442e+000
-8.6930854351652564e-001 2.4495240316017712e+000
-8.8502587930168086e-001 2.5596861665066015e+000
1.3872138618904331e-001 2.5649687073146130e+000
1.5061580929724475e-001 2.6594815357579962e+000
1.4021127022602750e-001 2.7072656608577517e+000
1.3804254224535775e-001 2.7944142019708540e+000
1.4389598087759672e-001 2.8342397585711030e+000
1.4965254600650962e-001 2.7170943676007675e+000
1.5137666920792367e-001 2.5730414474948193e+000
1.5539655850117409e-001 2.4077082492974204e+000
1.4496126802768897e-001 2.2028430274724813e+000
1.4344558385725445e-001 1.9122208877845890e+000
1.5539176551321082e-001 1.7117540636993598e+000
1.4649889854838391e-001 1.5489520254069857e+000
1.4792422824541401e-001 1.3133608322402885e+000
1.4941961141748578e-001 1.1583830947722837e+000
1.5422158766469590e-001 1.0081033629382408e+000
1.5398754393556396e-001 8.5327290166385572e-001
1.5575938506793971e-001 7.1883732404392275e-001
1.4166594901029342e-001 5.6036257943234824e-001
1.3943408094675119e-001 4.5758963263994989e-001
9.2707026302406526e-001 3.8467949635369891e-001
9.3220182834070053e-001 2.7709744734664998e-001
9.2073416224788240e-001 1.3319952652787231e-001
9.1343249427518358e-001 5.3916082461562001e-002
9.1539631631496354e-001 4.1519953282322178e-003
9.2602964790964559e-001 -1.9867663368832131e-001
9.1718081819626962e-001 -3.9108050779135373e-001
9.2782969633969814e-001 -6.2967534983122775e-001
9.1762075581783564e-001 -8.2593233523974219e-001
9.1558751549647899e-001 -1.0800105455105335e+000
9.1278249630313091e-001 -1.3203366553802567e+000
9.1356273643914976e-001 -1.4944455258715055e+000
9.2493924811384942e-001 -1.6958627215839166e+000
9.2551708163094570e-001 -1.9008485545813423e+000
9.2935841233438654e-001 -1.9952062805812725e+000
9.1873743700205790e-001 -2.1570574981009814e+000
9.2384803522967263e-001 -2.2911192859406002e+000
9.1631346658217294e-001 -2.4126449560433763e+000
9.2000082623147506e-001 -2.5507314085086263e+000
3.1016875441626601e-001 -2.6258113088485322e+000
3.1149203621780641e-001 -2.7453934690540702e+000
3.0039223731865161e-001 -2.7791828819266220e+000
2.9436891725730147e-001 -2.9195025435662978e+000
2.9968573073691174e-001 -2.8853758686054016e+000
3.0749328309889484e-001 -2.8414247419548699e+000
3.1242238680929890e-001 -2.7758183035708122e+000
3.0073976747751907e-001 -2.7808801002226171e+000
3.1278620932597456e-001 -2.5807746271132888e+000
2.9783796545650182e-001 -2.5526043821174311e+000
3.0726741935570606e-001 -2.4196158998908297e+000
3.0182835685727599e-001 -2.3440231110196343e+000
3.0196922493760364e-001 -2.1694296335835048e+000
2.9811040969812846e-001 -2.0821967938452692e+000
2.9662747517249854e-001 -2.0038389588945766e+000
2.9755696662184705e-001 -1.8948567174162971e+000
3.0446183791333836e-001 -1.8805567078119916e+000
3.0410136910885199e-001 -1.7622183273646508e+000
3.1257267522328819e-001 -1.6491718719687278e+000
9.5683311844451668e-001 -1.5896388984807515e+000
9.6044578277291526e-001 -1.5883611994867401e+000
9.5852794803702457e-001 -1.5738735307484157e+000
9.5123317333353674e-001 -1.4850014588444216e+000
9.6756634062846980e-001 -1.5001159194122113e+000
9.5445095861561224e-001 -1.5000046760707904e+000
9.5227960656486921e-001 -1.5966830493951929e+000
9.6125158864992633e-001 -1.7229337626523056e+000
9.5889859054241822e-001 -1.9102106978986966e+000
9.4899696379768350e-001 -1.9961620811310541e+000
9.5416310621094869e-001 -2.1588946889912299e+000
9.6408139029413331e-001 -2.2893185825131543e+000
9.6153652082902730e-001 -2.4278780161945401e+000
9.4871179252003235e-001 -2.4573304460252530e+000
9.5995817995601485e-001 -2.6220580648986100e+000
9.6378040647274199e-001 -2.7076113898753320e+000
9.5388887418935653e-001 -2.7963632422485865e+000
9.5386494795635046e-001 -2.8605472797829510e+000
9.5740961427250892e-001 -2.9234317926459661e+000
2.4432418780730403e-001 -3.0205103194740102e+000
2.3971485787514582e-001 -3.1155031204663253e+000
2.4849277135062309e-001 -3.1928119625436189e+000
2.3443933180960480e-001 -3.2365801297149028e+000
2.3971439007034381e-001 -3.2215844124622839e+000
2.3253096581321242e-001 -3.1785783664850249e+000
2.4054429170968439e-001 -3.0636609333857781e+000
2.4782441911512648e-001 -2.8775856914345841e+000
2.3879860346258835e-001 -2.7758191115246529e+000
2.3839017584235697e-001 -2.6519843706795410e+000
2.3251400154417082e-001 -2.4904355891349725e+000
2.3409793444411472e-001 -2.3487466720179229e+000
2.4620882459562354e-001 -2.2011480930990035e+000
2.4862782730115868e-001 -2.0582499014434541e+000
2.4797383093337508e-001 -2.0097556642210521e+000
2.3884072888226768e-001 -1.8959667993772409e+000
2.5108676834134980e-001 -1.7942656146705374e+000
2.3195065938807391e-001 -1.6786500054032747e+000
2.4916227414943876e-001 -1.5607335834465217e+000
4.2070126230439431e-001 -1.5250216301339610e+000
4.2117900132157365e-001 -1.4264380402560208e+000
4.2020501046945269e-001 -1.3491179885329283e+000
4.1810392532200480e-001 -1.3455444754876464e+000
4.1774500512652579e-001 -1.3073831781193306e+000
4.2141594705773361e-001 -1.2662435471639375e+000
4.2723227255118751e-001 -1.2738539673795872e+000
4.1700241957654088e-001 -1.2572536270202932e+000
4.2945660112277728e-001 -1.3248409732018280e+000
4.1964797874031878e-001 -1.2888684093419749e+000
4.2127332568060194e-001 -1.3336037008536230e+000
4.2221938428618472e-001 -1.3435454306306445e+000
4.2468691103992939e-001 -1.3552635312847219e+000
4.1877128734006985e-001 -1.3954210694660241e+000
4.1329920227160016e-001 -1.4068852914461571e+000
4.3155831069722350e-001 -1.4008750490972450e+000
4.1273765130340306e-001 -1.3879278616353223e+000
4.1400203778478140e-001 -1.4348639028652199e+000
4.2561297727070813e-001 -1.5051183364475609e+000
-6.0429256686517463e-001 -1.4623513178007417e+000
-6.0173787617063013e-001 -1.4832366245713120e+000
-5.9524245986237245e-001 -1.5288476546988905e+000
-5.8648202707953834e-001 -1.5118425486231475e+000
-5.9701277239477091e-001 -1.4600897676206441e+000
-5.9765605739103178e-001 -1.3128293526782957e+000
-5.9927210764958971e-001 -1.1008002606901270e+000
-6.0000233040609874e-001 -9.2604947749764621e-001
-5.9730504460353617e-001 -7.2542319812597555e-001
-5.8750746118348529e-001 -4.5574140515147965e-001
-5.9302812550806183e-001 -1.8851212226799227e-001
-6.0299839102228381e-001 -8.7561900101822861e-003
-5.9405526532375119e-001 1.7616945670931536e-001
-5.9243086655395993e-001 4.3855358654953808e-001
-5.8597231608006395e-001 5.7962893742098587e-001
-5.8903274899664571e-001 7.8894301412742318e-001
-5.9861918885097731e-001 8.8958375867677220e-001
-6.0434656119090902e-001 1.0056573399467739e+000
-5.9209511346714316e-001 1.1798273892187991e+000
-6.1321783519776440e-001 1.3057324244601818e+000
-6.1186963966987040e-001 1.3535594477585486e+000
-6.1520347002460640e-001 1.4576839270370807e+000
-6.0942133188679326e-001 1.5986226645091792e+000
-6.1148169130421015e-001 1.6070150787592681e+000
-6.0610928447567358e-001 1.7545173878010369e+000
-6.0215783048818239e-001 1.7688604917922559e+000
-6.1594176843408244e-001 1.8150539702466242e+000
-6.0483759779038149e-001 1.8327155782572921e+000
-6.1682940636016892e-001 1.9663472433961398e+000
-6.0911958156754697e-001 1.9805303438251640e+000
-6.1325241785321927e-001 1.9941401273474326e+000
-6.1640523426771332e-001 2.0199733156176509e+000
-6.1649130265094387e-001 2.0390826942478131e+000
-6.1828350420102274e-001 2.0717835092864632e+000
-6.0431914384586904e-001 2.0636312441993558e+000
-6.1551368007888174e-001 2.0783252756893500e+000
-6.0057769397180971e-001 2.1463887879942720e+000
-6.0102550561742130e-001 2.1586487284570892e+000
8.8359667509396611e-001 2.1798065541403728e+000
8.9596274833706990e-001 2.2156190693064222e+000
8.9497976752789909e-001 2.2482669601916654e+000
8.9214053673252369e-001 2.1915455702028770e+000
8.9601144211668238e-001 2.1716533580550466e+000
8.9586399936474936e-001 1.9053848303781216e+000
8.8394876557192836e-001 1.6556766912444654e+000
8.8231369019449424e-001 1.3676510224275780e+000
8.8192527549744815e-001 9.7343055978775150e-001
8.9610163526642050e-001 6.7108547994574375e-001
8.8958626418135012e-001 2.7297104528992372e-001
8.8308569140014881e-001 4.6973626363074339e-003
8.9342649981208355e-001 -3.4943385370200547e-001
8.8636668024134602e-001 -6.3944281843228423e-001
8.9450797421586903e-001 -8.8462918045926264e-001
8.9556498473401325e-001 -1.1260942263088995e+000
8.8372677977077763e-001 -1.3605031865883581e+000
8.9612419903190921e-001 -1.5949868777421410e+000
8.8576912942436181e-001 -1.7714201978772774e+000
-5.7987221184813842e-001 -1.9409968048198050e+000
-5.8696825201547387e-001 -2.0565051944697732e+000
-5.7952029150753526e-001 -2.2345105439341566e+000
-5.9185392772397649e-001 -2.3509539134472481e+000
-5.8549897707715393e-001 -2.3529947634680943e+000
-5.8512652361556239e-001 -2.2925618963633014e+000
-5.9121193384333093e-001 -2.0836433347933290e+000
-5.9486717542058576e-001 -1.8729864947854304e+000
-5.8343769471716322e-001 -1.5889415437019618e+000
-5.9121965962932210e-001 -1.2723711289314030e+000
-5.9829311359898696e-001 -9.8755451553489115e-001
-5.8767551327737155e-001 -7.4434749321073634e-001
-5.9720188425679788e-001 -4.8593212495029586e-001
-5.9735454503061380e-001 -1.5861368179189608e-001
-5.9406582587588830e-001 -3.5105563426202080e-005
-5.9174474353981688e-001 2.8500716058321890e-001
-5.9297434603466104e-001 4.6135169369846696e-001
-5.8167160112291327e-001 6.9535900632315228e-001
-5.8337181431666396e-001 8.3185108084851278e-001
-9.6676244828875613e-001 9.9851581553524060e-001
-9.6943080476560672e-001 1.0582411899070621e+000
-9.7141129705668405e-001 1.2184563381051248e+000
-9.7968615076612575e-001 1.3000148577181028e+000
-9.6983019498125400e-001 1.4169411026695373e+000
-9.6745274866897923e-001 1.5983964163966706e+000
-9.7197734867158525e-001 1.7078332016764894e+000
-9.6864184588139302e-001 1.8843764984656814e+000
-9.7670292911819145e-001 2.0030416262912700e+000
-9.6612557439237001e-001 2.1988102272691323e+000
-9.7673353499169902e-001 2.2968729602915650e+000
-9.6579662039501391e-001 2.4909403525732614e+000
-9.7548233762677461e-001 2.5263241783206118e+000
-9.7569252344835988e-001 2.6851659817317355e+000
-9.7493748653493073e-001 2.7873465454170780e+000
-9.6411466289256909e-001 2.8763597093222262e+000
-9.7287129389514482e-001 2.9771248783900393e+000
-9.6607866405781562e-001 3.0510697216979024e+000
-9.7435824844345820e-001 3.0817633080444002e+000
3.7770522647446114e-001 3.1445029898526178e+000
3.7803940703101691e-001 3.1609967395707654e+000
3.8920060203784507e-001 3.2610512011727399e+000
3.8949645209649009e-001 3.2678692041167996e+000
3.7780007211956451e-001 3.2325545172881749e+000
3.8571814692514628e-001 3.1364914724489497e+000
3.8989115291579829e-001 2.8588372752515059e+000
3.8289421656289774e-001 2.6510863130267430e+000
3.9034043676016467e-001 2.3268734720649111e+000
3.8154189766440183e-001 2.0606294451345413e+000
3.9003508904413264e-001 1.7693324256343175e+000
3.7772149672295668e-001 1.4541827594494918e+000
3.7856101590252694e-001 1.1572484507556766e+000
3.8673668148234375e-001 9.3039674041063203e-001
3.7129779946651575e-001 7.1582788741836290e-001
3.9019513578649878e-001 5.2707018385935633e-001
3.8691509677701541e-001 2.5216937341537771e-001
3.7963044407855873e-001 5.3185923739818654e-002
3.7771713827552306e-001 -1.2694163252711631e-002
-5.3472007531912794e-002 -1.8164229850045771e-001
-5.7947869357629279e-002 -3.4393496176990995e-001
-6.5832474438937097e-002 -4.3912665418568142e-001
-6.6586100021454375e-002 -5.9720192138125028e-001
-5.8492304221844135e-002 -6.4673705406781590e-001
-6.6141853417838667e-002 -6.8746018285344868e-001
-5.7237456835422508e-002 -6.6661965769112563e-001
-5.0362046082643865e-002 -6.6307714005213625e-001
-6.1569664403975141e-002 -6.0693650154975287e-001
-6.2463952950801850e-002 -5.7159365633059611e-001
-5.2923167333108374e-002 -5.1296761994102658e-001
-5.6491654168818378e-002 -3.9407397513909193e-001
-5.5801323095447018e-002 -3.3160634954988760e-001
-4.8655583529994127e-002 -3.0309712131549810e-001
-4.8433087795162519e-002 -2.2654063527106966e-001
-5.7450497577812211e-002 -2.4852821490569121e-001
-5.8070376000918952e-002 -1.7803027310180181e-001
-5.0074540687184470e-002 -1.1098408143136765e-001
-6.1576845516064883e-002 -7.2598588105031253e-002
4.0438042380673056e-001 -4.1748363277933964e-002
4.1953768195969515e-001 -6.9166557030030940e-002
4.1349680569909120e-001 -8.5957191958430830e-003
4.1950162679046737e-001 1.3770672963562726e-002
4.1455134743119726e-001 -3.2184713692786325e-002
4.1989263901062124e-001 -1.7769649854874579e-002
4.1075855404751394e-001 -9.9882762361055755e-002
4.0847233496584273e-001 -1.5127636229737751e-001
4.1291277649935704e-001 -3.1732973930195224e-001
4.1326221147718750e-001 -3.6751110227696671e-001
4.0759376770946110e-001 -4.3418292386905194e-001
4.0685911975339223e-001 -5.3435030442761211e-001
4.1716472141024813e-001 -6.2876812600167520e-001
4.1651469008066688e-001 -7.2302915169267168e-001
4.1892840249542190e-001 -8.6307440540583436e-001
4.0529267776690819e-001 -9.0625156130080320e-001
4.0696165456122169e-001 -9.3856822677151475e-001
4.1007203000387138e-001 -1.0423159738148076e+000
4.1068311936835245e-001 -1.0391409945037600e+000
6.9000034055211168e-001 -1.1053536403205710e+000
6.7293537939707249e-001 -1.1819998218291021e+000
6.7768236623341027e-001 -1.2124261216922754e+000
6.8775649210805923e-001 -1.2894498330561972e+000
6.8816187327477696e-001 -1.3127131293975274e+000
6.7551535936974560e-001 -1.3412708849694299e+000
6.7846964063128612e-001 -1.4894098256967760e+000
6.8898727772925394e-001 -1.5396451796469675e+000
6.7307724626687693e-001 -1.6172770843029822e+000
6.7922920532370867e-001 -1.7128613872007983e+000
6.7824754089897032e-001 -1.7482798392438703e+000
6.8397597673525912e-001 -1.8832768801030226e+000
6.7707647522423509e-001 -1.9078468461781732e+000
6.7553840781353536e-001 -1.9593431948888500e+000
6.7389562823996352e-001 -2.0709426944144202e+000
6.7602468048786846e-001 -2.0966693667544827e+000
6.7260470723749555e-001 -2.1748168825682486e+000
6.7655887188031871e-001 -2.2109426368185998e+000
6.7403255221085800e-001 -2.2538871878414879e+000
5.6197152612252199e-001 -2.2142117518110593e+000
5.5951569517274546e-001 -2.2695180617503392e+000
5.6181306606774828e-001 -2.3076028990886219e+000
5.6046900686725609e-001 -2.3035502554459373e+000
5.5814983269306839e-001 -2.3219548591122230e+000
5.6799123499873827e-001 -2.3850324599476767e+000
5.6987428610717983e-001 -2.3755106292373895e+000
5.6401136002594621e-001 -2.3169246367198735e+000
5.5808522862024590e-001 -2.3461182310884729e+000
5.6697128254132079e-001 -2.3058305522196552e+000
5.7153178679929095e-001 -2.3223711102465669e+000
5.6896039275119670e-001 -2.2948086152348641e+000
5.6764064895820210e-001 -2.2948986855459870e+000
5.5543870063519529e-001 -2.2319215118355746e+000
5.6742881553330582e-001 -2.2342612468803091e+000
5.7077809342017893e-001 -2.2717168467800728e+000
5.5913668048380538e-001 -2.2307976519732509e+000
5.7184996956194867e-001 -2.2008730844811293e+000
5.5777371201077131e-001 -2.1608775783655374e+000
1.2712886546640192e-001 -2.1953856695413303e+000
1.1307777923844387e-001 -2.2050256923835514e+000
1.2598483604599731e-001 -2.1703614196055510e+000
1.3098230018599827e-001 -2.1959253071643512e+000
1.1780651013037317e-001 -2.1296006130928542e+000
1.2776792257490571e-001 -2.1180040948552930e+000
1.2920596463480682e-001 -1.9768411975459037e+000
1.3016456496714571e-001 -1.8891024801864860e+000
1.1856089365152246e-001 -1.7872011855917280e+000
1.1351814207832923e-001 -1.6635101215419006e+000
1.1617703297509699e-001 -1.5913876125504578e+000
1.2367414537146960e-001 -1.4987081291867790e+000
1.2071561921054109e-001 -1.3581289250789279e+000
1.1604302174065913e-001 -1.3104324562495493e+000
1.2452965754588302e-001 -1.2136824253627936e+000
1.1557972392497676e-001 -1.0886700643103502e+000
1.1615659968458665e-001 -1.0876652790295525e+000
1.2762108969161326e-001 -9.8792557157755823e-001
1.1240418252837772e-001 -9.0963779147089519e-001
-2.6744062436125920e-001 -9.0103986767879385e-001
-2.6403141159947663e-001 -8.5826426620690188e-001
-2.6220910135516468e-001 -7.7360360462354039e-001
-2.6885382993742790e-001 -7.1930340099261547e-001
-2.7391682594878342e-001 -7.4812895347232145e-001
-2.6387482709597826e-001 -6.4332969533463447e-001
-2.5983253764530134e-001 -5.3082702553369365e-001
-2.7076979555833314e-001 -3.6554830076482236e-001
-2.7154028619506737e-001 -3.4389662577663699e-001
-2.7539139345080887e-001 -1.6518550244477234e-001
-2.5722590732887912e-001 -1.0069988292655543e-001
-2.7225384392936569e-001 -3.8059343168682924e-003
-2.5798055729106045e-001 1.5788311899623980e-001
-2.7461928861116541e-001 1.6897553204972657e-001
-2.7683575784906489e-001 2.9547994231914160e-001
-2.7050363155510621e-001 3.1616716747553147e-001
-2.5890012718953476e-001 4.6041715389777149e-001
-2.6138760055560872e-001 4.7747492064397895e-001
-2.7067904036688745e-001 5.0934412156379916e-001
-2.3632513615279901e-001 6.3649100034784711e-001
-2.2706609494794475e-001 6.3796968458493342e-001
-2.2993827848703796e-001 6.7440916024147779e-001
-2.4550695648521997e-001 7.6275279634158344e-001
-2.4589814250924333e-001 7.7031098849750923e-001
-2.2772319131467755e-001 8.1103467774412685e-001
-2.3729889862814668e-001 7.9372799792051896e-001
-2.2640294444042972e-001 7.8083694594550779e-001
-2.4197323711084040e-001 8.5724366945445929e-001
-2.3145420892136312e-001 8.1660301972114258e-001
-2.3506142380425896e-001 8.8098499416510356e-001
-2.4172775384573844e-001 8.5650834557016453e-001
-2.3908112459553613e-001 8.5904045346681290e-001
-2.4555320515053464e-001 8.2934861647367175e-001
-2.4034616893431490e-001 8.9065956622707565e-001
-2.2995787644968929e-001 8.5777590387276070e-001
-2.3430532066211376e-001 8.7083502926050027e-001
-2.2989952553380880e-001 8.4090664062466525e-001
-2.3811455791895847e-001 8.6428783950350963e-001
-6.5443198083997123e-001 8.2671233865209004e-001
-4.1110671936175458e-001 9.1211750125255986e-001
